App: LBANN-1.0.0-Autoencoder_cifar10_POSIX
I/O Intensity: 
     io_time  comm_time  compute_time  total_time
0   0.029821   0.137555      0.832624         1.0
1   0.054628   0.149261      0.796111         1.0
2   0.053890   0.148661      0.797449         1.0
3   0.053898   0.152082      0.794020         1.0
4   0.055998   0.156346      0.787656         1.0
5   0.058999   0.168662      0.772339         1.0
6   0.055879   0.177686      0.766435         1.0
7   0.055662   0.175816      0.768522         1.0
8   0.054821   0.156678      0.788500         1.0
9   0.051743   0.150078      0.798179         1.0
10  0.055031   0.160544      0.784425         1.0
11  0.059662   0.159918      0.780420         1.0
12  0.060456   0.160127      0.779416         1.0
13  0.058766   0.177143      0.764091         1.0
14  0.059049   0.181807      0.759145         1.0
15  0.057684   0.180344      0.761972         1.0
16  0.054308   0.146078      0.799614         1.0
17  0.055669   0.150342      0.793990         1.0
18  0.050980   0.141582      0.807438         1.0
19  0.055402   0.151511      0.793087         1.0
20  0.058823   0.147415      0.793761         1.0
21  0.061474   0.170100      0.768426         1.0
22  0.060178   0.176856      0.762966         1.0
23  0.059466   0.176741      0.763793         1.0
24  0.053996   0.150775      0.795229         1.0
25  0.055377   0.155360      0.789263         1.0
26  0.055204   0.152049      0.792747         1.0
27  0.051027   0.146357      0.802616         1.0
28  0.063341   0.157411      0.779248         1.0
29  0.060992   0.173749      0.765259         1.0
30  0.060922   0.182397      0.756681         1.0
31  0.061664   0.181949      0.756387         1.0
32  0.052888   0.141963      0.805149         1.0
33  0.055980   0.145496      0.798525         1.0
34  0.056290   0.146691      0.797019         1.0
35  0.056107   0.145560      0.798332         1.0
36  0.053114   0.140450      0.806436         1.0
37  0.056042   0.164404      0.779554         1.0
38  0.058546   0.168043      0.773410         1.0
39  0.059114   0.169598      0.771288         1.0
40  0.055329   0.143312      0.801359         1.0
41  0.056993   0.148270      0.794738         1.0
42  0.056431   0.148974      0.794595         1.0
43  0.056931   0.148827      0.794242         1.0
44  0.061370   0.152846      0.785784         1.0
45  0.054496   0.157642      0.787862         1.0
46  0.060381   0.172447      0.767172         1.0
47  0.060567   0.171312      0.768121         1.0
48  0.053089   0.137700      0.809212         1.0
49  0.056674   0.140583      0.802743         1.0
50  0.054730   0.141763      0.803506         1.0
51  0.056234   0.141324      0.802442         1.0
52  0.060131   0.137800      0.802069         1.0
53  0.060487   0.150364      0.789149         1.0
54  0.054581   0.146141      0.799278         1.0
55  0.059235   0.154326      0.786438         1.0
56  0.053222   0.148595      0.798184         1.0
57  0.055179   0.155394      0.789427         1.0
58  0.056034   0.158620      0.785346         1.0
59  0.055893   0.155009      0.789098         1.0
60  0.058619   0.162265      0.779116         1.0
61  0.057882   0.173473      0.768645         1.0
62  0.058741   0.176349      0.764910         1.0
63  0.052703   0.169183      0.778114         1.0
Mean I/O Intensity over ranks: 
io_time         0.056388
comm_time       0.157314
compute_time    0.786298
total_time      1.000000
==================================


App: qmcpack-3.9.2-simple_h2o_HDF5
I/O Intensity: 
     io_time  comm_time  compute_time  total_time
0   0.040281   0.089289      0.870430         1.0
1   0.024983   0.137953      0.837064         1.0
2   0.025072   0.152742      0.822186         1.0
3   0.025040   0.140555      0.834405         1.0
4   0.025398   0.120927      0.853675         1.0
5   0.025242   0.164453      0.810305         1.0
6   0.024830   0.159776      0.815394         1.0
7   0.024999   0.173236      0.801765         1.0
8   0.025026   0.106027      0.868948         1.0
9   0.024681   0.096562      0.878756         1.0
10  0.024481   0.115230      0.860290         1.0
11  0.024765   0.114435      0.860800         1.0
12  0.024892   0.106445      0.868663         1.0
13  0.024765   0.160368      0.814866         1.0
14  0.024780   0.161162      0.814058         1.0
15  0.024763   0.145035      0.830202         1.0
16  0.023963   0.105273      0.870763         1.0
17  0.023820   0.100271      0.875909         1.0
18  0.023837   0.094743      0.881420         1.0
19  0.023627   0.098676      0.877696         1.0
20  0.023729   0.099325      0.876946         1.0
21  0.023680   0.138292      0.838028         1.0
22  0.023668   0.139569      0.836763         1.0
23  0.023838   0.141510      0.834652         1.0
24  0.024306   0.139273      0.836422         1.0
25  0.024199   0.132162      0.843639         1.0
26  0.024445   0.147288      0.828267         1.0
27  0.024273   0.129481      0.846246         1.0
28  0.024576   0.115446      0.859978         1.0
29  0.024278   0.161097      0.814624         1.0
30  0.024399   0.158648      0.816953         1.0
31  0.024479   0.163799      0.811723         1.0
32  0.024223   0.111205      0.864572         1.0
33  0.024089   0.111267      0.864644         1.0
34  0.024114   0.106963      0.868923         1.0
35  0.023794   0.115627      0.860579         1.0
36  0.023972   0.099915      0.876113         1.0
37  0.023974   0.146824      0.829201         1.0
38  0.024202   0.154063      0.821735         1.0
39  0.024045   0.148972      0.826983         1.0
40  0.024677   0.109902      0.865421         1.0
41  0.024293   0.095940      0.879767         1.0
42  0.024199   0.109269      0.866532         1.0
43  0.024318   0.107538      0.868144         1.0
44  0.024433   0.088591      0.886977         1.0
45  0.024247   0.136361      0.839392         1.0
46  0.024292   0.131227      0.844480         1.0
47  0.024262   0.135545      0.840193         1.0
48  0.024523   0.116534      0.858944         1.0
49  0.024274   0.110655      0.865071         1.0
50  0.024245   0.127426      0.848329         1.0
51  0.024324   0.129507      0.846169         1.0
52  0.024677   0.103784      0.871539         1.0
53  0.024373   0.156618      0.819009         1.0
54  0.024478   0.166394      0.809128         1.0
55  0.024658   0.163720      0.811622         1.0
56  0.024594   0.097583      0.877823         1.0
57  0.024337   0.092201      0.883462         1.0
58  0.024555   0.097842      0.877603         1.0
59  0.024311   0.103534      0.872154         1.0
60  0.024568   0.106105      0.869327         1.0
61  0.024522   0.132447      0.843030         1.0
62  0.024422   0.136276      0.839301         1.0
63  0.024427   0.142690      0.832883         1.0
Mean I/O Intensity over ranks: 
io_time         0.024649
comm_time       0.126587
compute_time    0.848764
total_time      1.000000
==================================


App: LAMMPS-20Mar3-LJ_2D_Adios
I/O Intensity: 
     io_time  comm_time  compute_time  total_time
0   0.861865   0.270722     -0.132588         1.0
1   0.000855   0.839932      0.159213         1.0
2   0.000879   0.840578      0.158544         1.0
3   0.000903   0.840354      0.158743         1.0
4   0.000859   0.833524      0.165617         1.0
5   0.000830   0.844369      0.154801         1.0
6   0.000811   0.844532      0.154657         1.0
7   0.000787   0.847676      0.151537         1.0
8   0.168690   0.735996      0.095314         1.0
9   0.000747   0.942797      0.056456         1.0
10  0.000721   0.929724      0.069555         1.0
11  0.000721   0.885922      0.113357         1.0
12  0.000753   0.892987      0.106260         1.0
13  0.000744   0.929732      0.069524         1.0
14  0.000730   0.945779      0.053492         1.0
15  0.000745   0.882392      0.116863         1.0
16  0.156790   0.777160      0.066051         1.0
17  0.000621   0.917112      0.082266         1.0
18  0.000659   0.897161      0.102181         1.0
19  0.000670   0.921794      0.077535         1.0
20  0.000648   0.920977      0.078374         1.0
21  0.000665   0.901828      0.097506         1.0
22  0.000644   0.917326      0.082030         1.0
23  0.000638   0.901689      0.097673         1.0
24  0.235960   0.583244      0.180796         1.0
25  0.000718   0.823311      0.175971         1.0
26  0.000728   0.822950      0.176322         1.0
27  0.000729   0.822599      0.176671         1.0
28  0.000791   0.823906      0.175303         1.0
29  0.000806   0.824226      0.174968         1.0
30  0.000770   0.824696      0.174534         1.0
31  0.000748   0.824638      0.174614         1.0
32  0.262946   0.680806      0.056248         1.0
33  0.000731   0.919558      0.079711         1.0
34  0.000730   0.925029      0.074241         1.0
35  0.000732   0.942516      0.056752         1.0
36  0.000797   0.826728      0.172475         1.0
37  0.000789   0.925680      0.073531         1.0
38  0.000771   0.849984      0.149246         1.0
39  0.000789   0.933344      0.065866         1.0
40  0.108050   0.806758      0.085192         1.0
41  0.000846   0.930930      0.068225         1.0
42  0.000831   0.879274      0.119895         1.0
43  0.000841   0.879321      0.119838         1.0
44  0.000872   0.932853      0.066276         1.0
45  0.000865   0.876490      0.122645         1.0
46  0.000861   0.933901      0.065239         1.0
47  0.000852   0.828731      0.170417         1.0
48  0.264062   0.654002      0.081936         1.0
49  0.000855   0.856307      0.142839         1.0
50  0.000857   0.927844      0.071299         1.0
51  0.000850   0.915044      0.084106         1.0
52  0.000840   0.870111      0.129048         1.0
53  0.000812   0.869445      0.129743         1.0
54  0.000816   0.908683      0.090501         1.0
55  0.000852   0.803903      0.195245         1.0
56  0.326487   0.538301      0.135212         1.0
57  0.000842   0.941190      0.057969         1.0
58  0.000811   0.940564      0.058625         1.0
59  0.000798   0.917614      0.081588         1.0
60  0.000917   0.927704      0.071379         1.0
61  0.000938   0.922383      0.076680         1.0
62  0.000864   0.933624      0.065512         1.0
63  0.000895   0.929559      0.069546         1.0
Mean I/O Intensity over ranks: 
io_time         0.037953
comm_time       0.855310
compute_time    0.106737
total_time      1.000000
==================================


App: LAMMPS-20Mar3-LJ_2D_NetCDF
I/O Intensity: 
     io_time  comm_time  compute_time  total_time
0   0.025743   0.079693      0.894564         1.0
1   0.000010   0.950988      0.049002         1.0
2   0.000010   0.954566      0.045423         1.0
3   0.000009   0.951474      0.048516         1.0
4   0.000013   0.955618      0.044368         1.0
5   0.000013   0.951408      0.048579         1.0
6   0.000012   0.954140      0.045848         1.0
7   0.000013   0.958433      0.041554         1.0
8   0.000076   0.953922      0.046002         1.0
9   0.000056   0.953684      0.046260         1.0
10  0.000049   0.955150      0.044801         1.0
11  0.000053   0.953374      0.046573         1.0
12  0.000066   0.955096      0.044838         1.0
13  0.000066   0.951502      0.048432         1.0
14  0.000063   0.958567      0.041371         1.0
15  0.000059   0.951560      0.048381         1.0
16  0.000069   0.954935      0.044997         1.0
17  0.000060   0.952757      0.047182         1.0
18  0.000051   0.952594      0.047355         1.0
19  0.000059   0.951687      0.048254         1.0
20  0.000067   0.957313      0.042620         1.0
21  0.000062   0.953680      0.046258         1.0
22  0.000065   0.955843      0.044092         1.0
23  0.000064   0.960630      0.039306         1.0
24  0.000077   0.853011      0.146912         1.0
25  0.000067   0.856850      0.143082         1.0
26  0.000060   0.858553      0.141388         1.0
27  0.000063   0.859189      0.140748         1.0
28  0.000077   0.857987      0.141936         1.0
29  0.000078   0.858295      0.141627         1.0
30  0.000072   0.858697      0.141231         1.0
31  0.000070   0.859748      0.140182         1.0
32  0.000075   0.850282      0.149643         1.0
33  0.000051   0.854564      0.145384         1.0
34  0.000060   0.856365      0.143575         1.0
35  0.000062   0.857408      0.142530         1.0
36  0.000084   0.855964      0.143952         1.0
37  0.000070   0.856058      0.143872         1.0
38  0.000076   0.855861      0.144062         1.0
39  0.000070   0.857064      0.142866         1.0
40  0.000080   0.949434      0.050486         1.0
41  0.000060   0.949326      0.050614         1.0
42  0.000065   0.961181      0.038754         1.0
43  0.000060   0.953191      0.046749         1.0
44  0.000075   0.958737      0.041188         1.0
45  0.000075   0.951356      0.048569         1.0
46  0.000074   0.950418      0.049508         1.0
47  0.000068   0.951923      0.048009         1.0
48  0.000078   0.954580      0.045342         1.0
49  0.000058   0.955273      0.044670         1.0
50  0.000055   0.956131      0.043815         1.0
51  0.000063   0.955945      0.043992         1.0
52  0.000075   0.959158      0.040766         1.0
53  0.000074   0.953994      0.045932         1.0
54  0.000075   0.954551      0.045374         1.0
55  0.000073   0.954087      0.045841         1.0
56  0.000084   0.957452      0.042464         1.0
57  0.000066   0.955263      0.044671         1.0
58  0.000066   0.953835      0.046099         1.0
59  0.000063   0.959483      0.040454         1.0
60  0.000082   0.957232      0.042686         1.0
61  0.000073   0.954319      0.045608         1.0
62  0.000072   0.957140      0.042788         1.0
63  0.000073   0.955926      0.044001         1.0
Mean I/O Intensity over ranks: 
io_time         0.000463
comm_time       0.916476
compute_time    0.083062
total_time      1.000000
==================================


App: LAMMPS-20Mar3-LJ_2D_HDF5
I/O Intensity: 
     io_time  comm_time  compute_time  total_time
0   0.578464   0.138856      0.282680         1.0
1   0.000020   0.912194      0.087786         1.0
2   0.000022   0.917730      0.082248         1.0
3   0.000021   0.918238      0.081742         1.0
4   0.000021   0.922541      0.077438         1.0
5   0.000022   0.917610      0.082368         1.0
6   0.000022   0.925941      0.074036         1.0
7   0.000024   0.925609      0.074367         1.0
8   0.000104   0.906381      0.093515         1.0
9   0.000087   0.920738      0.079175         1.0
10  0.000106   0.922705      0.077189         1.0
11  0.000129   0.922634      0.077237         1.0
12  0.000169   0.908853      0.090978         1.0
13  0.000108   0.920814      0.079078         1.0
14  0.000126   0.912300      0.087574         1.0
15  0.000110   0.916572      0.083318         1.0
16  0.000104   0.936112      0.063785         1.0
17  0.000087   0.920192      0.079721         1.0
18  0.000095   0.918222      0.081684         1.0
19  0.000090   0.918429      0.081481         1.0
20  0.000123   0.929007      0.070870         1.0
21  0.000108   0.924436      0.075456         1.0
22  0.000114   0.923954      0.075932         1.0
23  0.000117   0.925487      0.074396         1.0
24  0.000112   0.654184      0.345703         1.0
25  0.000092   0.657915      0.341994         1.0
26  0.000105   0.662707      0.337188         1.0
27  0.000127   0.662409      0.337464         1.0
28  0.000128   0.659716      0.340156         1.0
29  0.000132   0.660087      0.339780         1.0
30  0.000109   0.660295      0.339595         1.0
31  0.000147   0.662590      0.337263         1.0
32  0.000122   0.929123      0.070755         1.0
33  0.000088   0.934159      0.065753         1.0
34  0.000085   0.925073      0.074841         1.0
35  0.000124   0.922732      0.077145         1.0
36  0.000115   0.913469      0.086417         1.0
37  0.000145   0.908955      0.090900         1.0
38  0.000140   0.916801      0.083058         1.0
39  0.000117   0.917286      0.082597         1.0
40  0.000122   0.917464      0.082414         1.0
41  0.000092   0.911311      0.088597         1.0
42  0.000107   0.915192      0.084701         1.0
43  0.000104   0.916093      0.083804         1.0
44  0.000134   0.923715      0.076152         1.0
45  0.000107   0.922746      0.077147         1.0
46  0.000117   0.922093      0.077790         1.0
47  0.000109   0.922902      0.076989         1.0
48  0.000112   0.921858      0.078029         1.0
49  0.000110   0.915723      0.084167         1.0
50  0.000092   0.917286      0.082622         1.0
51  0.000086   0.921485      0.078429         1.0
52  0.000113   0.916068      0.083819         1.0
53  0.000111   0.929615      0.070275         1.0
54  0.000136   0.916126      0.083738         1.0
55  0.000118   0.935940      0.063942         1.0
56  0.000098   0.914588      0.085314         1.0
57  0.000098   0.912843      0.087058         1.0
58  0.000113   0.915788      0.084099         1.0
59  0.000097   0.912618      0.087285         1.0
60  0.000118   0.916671      0.083211         1.0
61  0.000120   0.917128      0.082752         1.0
62  0.000119   0.918887      0.080994         1.0
63  0.000120   0.915936      0.083944         1.0
Mean I/O Intensity over ranks: 
io_time         0.009140
comm_time       0.875049
compute_time    0.115811
total_time      1.000000
==================================


App: LAMMPS-20Mar3-LJ_2D_POSIX
I/O Intensity: 
     io_time  comm_time  compute_time  total_time
0   0.075794   0.036558      0.887648         1.0
1   0.000028   0.675603      0.324369         1.0
2   0.000030   0.676275      0.323695         1.0
3   0.000026   0.676102      0.323872         1.0
4   0.000024   0.677434      0.322541         1.0
5   0.000022   0.680876      0.319102         1.0
6   0.000020   0.679293      0.320687         1.0
7   0.000020   0.684517      0.315463         1.0
8   0.000101   0.870186      0.129712         1.0
9   0.000088   0.865975      0.133937         1.0
10  0.000088   0.869803      0.130109         1.0
11  0.000087   0.860860      0.139053         1.0
12  0.000109   0.863751      0.136140         1.0
13  0.000109   0.867201      0.132690         1.0
14  0.000113   0.865157      0.134731         1.0
15  0.000108   0.862705      0.137187         1.0
16  0.000120   0.865285      0.134595         1.0
17  0.000091   0.865336      0.134573         1.0
18  0.000106   0.867452      0.132443         1.0
19  0.000087   0.864300      0.135613         1.0
20  0.000140   0.881208      0.118653         1.0
21  0.000110   0.879769      0.120121         1.0
22  0.000097   0.875754      0.124150         1.0
23  0.000103   0.879488      0.120409         1.0
24  0.000107   0.870392      0.129501         1.0
25  0.000096   0.861525      0.138379         1.0
26  0.000104   0.866597      0.133299         1.0
27  0.000101   0.864701      0.135198         1.0
28  0.000124   0.894352      0.105524         1.0
29  0.000122   0.866936      0.132942         1.0
30  0.000109   0.868856      0.131035         1.0
31  0.000108   0.865436      0.134456         1.0
32  0.000110   0.869748      0.130141         1.0
33  0.000115   0.867248      0.132637         1.0
34  0.000093   0.871403      0.128504         1.0
35  0.000098   0.864206      0.135696         1.0
36  0.000119   0.873718      0.126163         1.0
37  0.000111   0.870144      0.129745         1.0
38  0.000105   0.868240      0.131654         1.0
39  0.000105   0.872267      0.127628         1.0
40  0.000106   0.868565      0.131329         1.0
41  0.000090   0.864737      0.135173         1.0
42  0.000092   0.868474      0.131434         1.0
43  0.000083   0.871295      0.128621         1.0
44  0.000113   0.867866      0.132021         1.0
45  0.000106   0.865070      0.134824         1.0
46  0.000107   0.869693      0.130201         1.0
47  0.000115   0.867762      0.132123         1.0
48  0.000132   0.869797      0.130071         1.0
49  0.000126   0.881433      0.118441         1.0
50  0.000110   0.875898      0.123992         1.0
51  0.000110   0.875095      0.124795         1.0
52  0.000101   0.870485      0.129414         1.0
53  0.000102   0.867060      0.132838         1.0
54  0.000109   0.872123      0.127768         1.0
55  0.000129   0.870154      0.129717         1.0
56  0.000101   0.877040      0.122859         1.0
57  0.000105   0.863189      0.136706         1.0
58  0.000095   0.875017      0.124889         1.0
59  0.000083   0.865001      0.134916         1.0
60  0.000113   0.880227      0.119659         1.0
61  0.000109   0.868450      0.131441         1.0
62  0.000106   0.873921      0.125973         1.0
63  0.000107   0.869302      0.130591         1.0
Mean I/O Intensity over ranks: 
io_time         0.001280
comm_time       0.836005
compute_time    0.162715
total_time      1.000000
==================================


App: LAMMPS-20Mar3-LJ_2D_MPIIO
I/O Intensity: 
     io_time  comm_time  compute_time  total_time
0   0.606100   0.025390      0.368510         1.0
1   0.578619   0.223473      0.197908         1.0
2   0.580474   0.223322      0.196204         1.0
3   0.582266   0.222293      0.195440         1.0
4   0.587491   0.226714      0.185795         1.0
5   0.593169   0.225425      0.181407         1.0
6   0.589187   0.225884      0.184930         1.0
7   0.580420   0.230950      0.188629         1.0
8   0.593171   0.224367      0.182462         1.0
9   0.586719   0.223154      0.190127         1.0
10  0.586783   0.224674      0.188543         1.0
11  0.578515   0.224219      0.197267         1.0
12  0.582487   0.225154      0.192359         1.0
13  0.586760   0.225172      0.188068         1.0
14  0.580890   0.226146      0.192964         1.0
15  0.573090   0.226833      0.200077         1.0
16  0.582684   0.359922      0.057394         1.0
17  0.569539   0.359266      0.071195         1.0
18  0.569771   0.362108      0.068122         1.0
19  0.568801   0.357378      0.073820         1.0
20  0.579545   0.379529      0.040926         1.0
21  0.589561   0.366164      0.044275         1.0
22  0.580930   0.379676      0.039394         1.0
23  0.576335   0.362587      0.061078         1.0
24  0.577688   0.359623      0.062689         1.0
25  0.574576   0.359414      0.066011         1.0
26  0.567381   0.360494      0.072126         1.0
27  0.568943   0.357930      0.073127         1.0
28  0.576744   0.357325      0.065931         1.0
29  0.564495   0.358721      0.076785         1.0
30  0.565429   0.359152      0.075419         1.0
31  0.566228   0.360293      0.073479         1.0
32  0.572691   0.355189      0.072120         1.0
33  0.568322   0.353554      0.078124         1.0
34  0.574779   0.357336      0.067885         1.0
35  0.569482   0.354926      0.075593         1.0
36  0.578265   0.375762      0.045973         1.0
37  0.563525   0.356477      0.079998         1.0
38  0.563493   0.368490      0.068017         1.0
39  0.564088   0.359080      0.076832         1.0
40  0.575484   0.208761      0.215755         1.0
41  0.564291   0.209355      0.226354         1.0
42  0.567158   0.210282      0.222561         1.0
43  0.573628   0.208330      0.218042         1.0
44  0.572949   0.214190      0.212861         1.0
45  0.567222   0.213931      0.218847         1.0
46  0.564337   0.215624      0.220040         1.0
47  0.561973   0.216738      0.221290         1.0
48  0.577180   0.357938      0.064882         1.0
49  0.570207   0.358150      0.071643         1.0
50  0.563657   0.357586      0.078757         1.0
51  0.571527   0.358208      0.070265         1.0
52  0.575874   0.368617      0.055509         1.0
53  0.570780   0.360637      0.068583         1.0
54  0.563445   0.370516      0.066039         1.0
55  0.559355   0.371482      0.069162         1.0
56  0.573587   0.367593      0.058820         1.0
57  0.570939   0.354009      0.075052         1.0
58  0.567688   0.364847      0.067465         1.0
59  0.569863   0.354817      0.075321         1.0
60  0.582159   0.359942      0.057899         1.0
61  0.570908   0.360203      0.068888         1.0
62  0.562899   0.365793      0.071308         1.0
63  0.562191   0.361483      0.076326         1.0
Mean I/O Intensity over ranks: 
io_time         0.574355
comm_time       0.305822
compute_time    0.119823
total_time      1.000000
==================================


App: enzo-dev-20200723-CollapseTestNonCosmological_HDF5
I/O Intensity: 
     io_time  comm_time  compute_time  total_time
0   0.048496   0.272637      0.678867         1.0
1   0.016013   0.341695      0.642292         1.0
2   0.012433   0.345594      0.641973         1.0
3   0.013692   0.344045      0.642263         1.0
4   0.012031   0.346157      0.641813         1.0
5   0.014618   0.343080      0.642302         1.0
6   0.012442   0.344985      0.642573         1.0
7   0.012465   0.345196      0.642339         1.0
8   0.014257   0.344336      0.641407         1.0
9   0.012174   0.345304      0.642522         1.0
10  0.014824   0.343251      0.641925         1.0
11  0.013529   0.343834      0.642637         1.0
12  0.016168   0.342499      0.641333         1.0
13  0.012618   0.345306      0.642075         1.0
14  0.015433   0.342977      0.641590         1.0
15  0.014277   0.343870      0.641853         1.0
16  0.016883   0.364794      0.618323         1.0
17  0.015747   0.342551      0.641703         1.0
18  0.024756   0.333426      0.641817         1.0
19  0.010956   0.346618      0.642426         1.0
20  0.014657   0.366132      0.619211         1.0
21  0.011634   0.346307      0.642059         1.0
22  0.013646   0.097339      0.889015         1.0
23  0.016093   0.095338      0.888569         1.0
24  0.013815   0.939358      0.046827         1.0
25  0.011890   0.917697      0.070413         1.0
26  0.015380   0.094638      0.889982         1.0
27  0.016455   0.110566      0.872978         1.0
28  0.014867   0.933110      0.052022         1.0
29  0.014071   0.934219      0.051710         1.0
30  0.014845   0.931211      0.053944         1.0
31  0.019639   0.926259      0.054103         1.0
32  0.013121   0.956294      0.030585         1.0
33  0.014062   0.932832      0.053106         1.0
34  0.016689   0.929113      0.054198         1.0
35  0.013248   0.933076      0.053676         1.0
36  0.016134   0.952429      0.031437         1.0
37  0.015076   0.931744      0.053180         1.0
38  0.016451   0.111265      0.872283         1.0
39  0.016790   0.111795      0.871414         1.0
40  0.014132   0.957633      0.028234         1.0
41  0.012472   0.935444      0.052084         1.0
42  0.013876   0.112973      0.873151         1.0
43  0.015522   0.112467      0.872011         1.0
44  0.015569   0.934013      0.050418         1.0
45  0.014215   0.933973      0.051812         1.0
46  0.013636   0.933877      0.052486         1.0
47  0.013429   0.933415      0.053156         1.0
48  0.013859   0.934126      0.052015         1.0
49  0.011946   0.935296      0.052757         1.0
50  0.013286   0.933816      0.052898         1.0
51  0.014310   0.917364      0.068326         1.0
52  0.012903   0.918941      0.068156         1.0
53  0.015435   0.916469      0.068096         1.0
54  0.014560   0.917904      0.067536         1.0
55  0.017067   0.915457      0.067476         1.0
56  0.016795   0.915309      0.067895         1.0
57  0.012816   0.919259      0.067925         1.0
58  0.012644   0.918722      0.068634         1.0
59  0.014244   0.917973      0.067783         1.0
60  0.013204   0.919408      0.067388         1.0
61  0.016063   0.916368      0.067569         1.0
62  0.013441   0.918895      0.067664         1.0
63  0.013650   0.918965      0.067385         1.0
Mean I/O Intensity over ranks: 
io_time         0.015023
comm_time       0.624390
compute_time    0.360588
total_time      1.000000
==================================


App: MACSio 2-Ale3d_silo
I/O Intensity: 
     io_time  comm_time  compute_time  total_time
0   0.234111   0.577045      0.188844         1.0
1   0.110037   0.822121      0.067842         1.0
2   0.174610   0.792602      0.032788         1.0
3   0.053749   0.853883      0.092368         1.0
4   0.057941   0.854674      0.087385         1.0
5   0.056401   0.856774      0.086825         1.0
6   0.068948   0.845716      0.085336         1.0
7   0.055344   0.855908      0.088747         1.0
8   0.418096   0.554377      0.027527         1.0
9   0.068636   0.843429      0.087936         1.0
10  0.065915   0.847167      0.086918         1.0
11  0.066047   0.846801      0.087152         1.0
12  0.080947   0.840512      0.078541         1.0
13  0.070660   0.847622      0.081718         1.0
14  0.058024   0.855268      0.086709         1.0
15  0.067719   0.850101      0.082181         1.0
16  0.348013   0.626895      0.025092         1.0
17  0.078071   0.834571      0.087358         1.0
18  0.072705   0.840121      0.087174         1.0
19  0.076313   0.838181      0.085506         1.0
20  0.085875   0.837153      0.076972         1.0
21  0.082431   0.835822      0.081747         1.0
22  0.070437   0.844728      0.084835         1.0
23  0.078980   0.840003      0.081017         1.0
24  0.338259   0.605695      0.056046         1.0
25  0.067970   0.843627      0.088403         1.0
26  0.080789   0.833158      0.086053         1.0
27  0.076362   0.837529      0.086108         1.0
28  0.093857   0.828955      0.077188         1.0
29  0.085844   0.833460      0.080696         1.0
30  0.073707   0.840388      0.085905         1.0
31  0.084329   0.835617      0.080054         1.0
32  0.336676   0.629666      0.033657         1.0
33  0.078356   0.834137      0.087507         1.0
34  0.081372   0.832984      0.085644         1.0
35  0.081195   0.833524      0.085281         1.0
36  0.097768   0.826511      0.075721         1.0
37  0.083612   0.835584      0.080804         1.0
38  0.071177   0.842850      0.085973         1.0
39  0.077967   0.841993      0.080040         1.0
40  0.364202   0.543773      0.092026         1.0
41  0.072004   0.821979      0.106017         1.0
42  0.070323   0.825926      0.103751         1.0
43  0.074060   0.822968      0.102972         1.0
44  0.095713   0.808834      0.095453         1.0
45  0.083921   0.816809      0.099270         1.0
46  0.073957   0.822267      0.103776         1.0
47  0.081577   0.819299      0.099124         1.0
48  0.402598   0.588039      0.009363         1.0
49  0.067656   0.844480      0.087864         1.0
50  0.070837   0.842654      0.086509         1.0
51  0.071402   0.842304      0.086294         1.0
52  0.084463   0.838935      0.076602         1.0
53  0.072488   0.845222      0.082290         1.0
54  0.062042   0.851460      0.086498         1.0
55  0.071293   0.847088      0.081620         1.0
56  0.247636   0.672353      0.080011         1.0
57  0.063901   0.847011      0.089088         1.0
58  0.065866   0.846877      0.087257         1.0
59  0.069419   0.845221      0.085360         1.0
60  0.081693   0.839424      0.078883         1.0
61  0.068952   0.848068      0.082981         1.0
62  0.065009   0.851434      0.083557         1.0
63  0.067609   0.850431      0.081960         1.0
Mean I/O Intensity over ranks: 
io_time         0.108717
comm_time       0.808750
compute_time    0.082533
total_time      1.000000
==================================


App: FLASH4.4-Sedov_2d_ug_fbs
I/O Intensity: 
     io_time  comm_time  compute_time  total_time
0   0.695377   0.314202     -0.009579         1.0
1   0.640843   0.376707     -0.017549         1.0
2   0.639468   0.396744     -0.036212         1.0
3   0.640162   0.364794     -0.004956         1.0
4   0.651891   0.408832     -0.060723         1.0
5   0.654817   0.445089     -0.099906         1.0
6   0.640148   0.450301     -0.090449         1.0
7   0.613872   0.462937     -0.076809         1.0
8   0.568364   0.495330     -0.063693         1.0
9   0.585907   0.467267     -0.053174         1.0
10  0.594998   0.455633     -0.050631         1.0
11  0.604843   0.449327     -0.054169         1.0
12  0.650152   0.446558     -0.096710         1.0
13  0.617624   0.498853     -0.116477         1.0
14  0.617593   0.473014     -0.090607         1.0
15  0.632214   0.467929     -0.100143         1.0
16  0.577672   0.500785     -0.078457         1.0
17  0.597375   0.460550     -0.057925         1.0
18  0.580866   0.464210     -0.045077         1.0
19  0.578607   0.492557     -0.071164         1.0
20  0.646938   0.453347     -0.100285         1.0
21  0.639612   0.460429     -0.100041         1.0
22  0.639702   0.487653     -0.127355         1.0
23  0.648103   0.465438     -0.113541         1.0
24  0.560408   0.475302     -0.035711         1.0
25  0.579940   0.463670     -0.043610         1.0
26  0.572503   0.461712     -0.034216         1.0
27  0.574894   0.459916     -0.034811         1.0
28  0.642111   0.454903     -0.097015         1.0
29  0.622502   0.464352     -0.086855         1.0
30  0.613189   0.504696     -0.117886         1.0
31  0.615310   0.477802     -0.093112         1.0
32  0.553578   0.510416     -0.063993         1.0
33  0.544706   0.480001     -0.024707         1.0
34  0.548921   0.504059     -0.052979         1.0
35  0.547056   0.476730     -0.023787         1.0
36  0.611469   0.494593     -0.106062         1.0
37  0.611285   0.476525     -0.087810         1.0
38  0.599103   0.479734     -0.078838         1.0
39  0.603410   0.476810     -0.080221         1.0
40  0.552453   0.474368     -0.026821         1.0
41  0.548215   0.477918     -0.026133         1.0
42  0.550057   0.476174     -0.026231         1.0
43  0.551819   0.473380     -0.025199         1.0
44  0.617342   0.466305     -0.083648         1.0
45  0.604046   0.480780     -0.084827         1.0
46  0.608565   0.474370     -0.082935         1.0
47  0.622130   0.501795     -0.123925         1.0
48  0.548529   0.513755     -0.062284         1.0
49  0.552622   0.512862     -0.065484         1.0
50  0.544216   0.509078     -0.053294         1.0
51  0.547242   0.480574     -0.027816         1.0
52  0.616395   0.471244     -0.087639         1.0
53  0.603544   0.472487     -0.076030         1.0
54  0.612590   0.466834     -0.079424         1.0
55  0.608703   0.479441     -0.088144         1.0
56  0.551193   0.475280     -0.026473         1.0
57  0.558637   0.473254     -0.031890         1.0
58  0.552121   0.477119     -0.029240         1.0
59  0.555148   0.476833     -0.031982         1.0
60  0.619076   0.464751     -0.083827         1.0
61  0.600630   0.477152     -0.077782         1.0
62  0.607327   0.474182     -0.081508         1.0
63  0.602362   0.476754     -0.079116         1.0
Mean I/O Intensity over ranks: 
io_time         0.598320
comm_time       0.467913
compute_time   -0.066233
total_time      1.000000
==================================


App: FLASH4.4-Sedov_2d_ug_nofbs
I/O Intensity: 
     io_time  comm_time  compute_time  total_time
0   1.305134   0.125110     -0.430244         1.0
1   1.153817   0.422089     -0.575907         1.0
2   1.182245   0.400251     -0.582496         1.0
3   1.174554   0.407414     -0.581968         1.0
4   1.093521   0.449000     -0.542521         1.0
5   1.138463   0.427387     -0.565850         1.0
6   1.138270   0.428285     -0.566556         1.0
7   1.100570   0.462727     -0.563296         1.0
8   1.094286   0.456906     -0.551192         1.0
9   1.177628   0.419856     -0.597484         1.0
10  1.153782   0.429352     -0.583134         1.0
11  1.123362   0.446668     -0.570030         1.0
12  1.159751   0.432958     -0.592710         1.0
13  1.085381   0.470577     -0.555958         1.0
14  1.253622   0.386535     -0.640157         1.0
15  1.047179   0.494752     -0.541931         1.0
16  1.071795   0.469130     -0.540925         1.0
17  1.105233   0.454648     -0.559881         1.0
18  1.125576   0.442072     -0.567648         1.0
19  1.112512   0.450090     -0.562602         1.0
20  1.090898   0.466541     -0.557439         1.0
21  1.077677   0.472087     -0.549764         1.0
22  1.169460   0.428443     -0.597903         1.0
23  1.072427   0.477889     -0.550317         1.0
24  1.184075   0.415916     -0.599991         1.0
25  1.171447   0.422156     -0.593603         1.0
26  1.206796   0.406078     -0.612874         1.0
27  1.190359   0.416238     -0.606597         1.0
28  1.188880   0.420377     -0.609257         1.0
29  1.183365   0.425520     -0.608885         1.0
30  1.244245   0.394074     -0.638318         1.0
31  1.173722   0.431359     -0.605081         1.0
32  1.057151   0.475717     -0.532868         1.0
33  1.076554   0.469267     -0.545820         1.0
34  1.109815   0.455825     -0.565640         1.0
35  1.062640   0.474923     -0.537563         1.0
36  1.074323   0.472696     -0.547018         1.0
37  1.063518   0.479019     -0.542537         1.0
38  1.161218   0.433701     -0.594919         1.0
39  1.064807   0.483327     -0.548134         1.0
40  1.084762   0.462148     -0.546910         1.0
41  1.083422   0.467323     -0.550745         1.0
42  1.107493   0.455648     -0.563141         1.0
43  1.072292   0.471359     -0.543651         1.0
44  1.102502   0.463983     -0.566485         1.0
45  1.083469   0.472910     -0.556379         1.0
46  1.164736   0.432765     -0.597501         1.0
47  1.076610   0.479057     -0.555667         1.0
48  0.988606   0.488458     -0.477064         1.0
49  0.972581   0.498006     -0.470587         1.0
50  1.089984   0.438631     -0.528615         1.0
51  0.940969   0.516096     -0.457065         1.0
52  1.048279   0.466981     -0.515259         1.0
53  0.993207   0.496406     -0.489613         1.0
54  1.115088   0.435698     -0.550785         1.0
55  0.978808   0.505284     -0.484092         1.0
56  1.032468   0.454840     -0.487308         1.0
57  1.036327   0.456633     -0.492960         1.0
58  1.069972   0.433575     -0.503547         1.0
59  1.043944   0.447254     -0.491197         1.0
60  1.069741   0.431921     -0.501662         1.0
61  1.048174   0.444648     -0.492822         1.0
62  1.106097   0.416849     -0.522946         1.0
63  1.033967   0.453374     -0.487341         1.0
Mean I/O Intensity over ranks: 
io_time         1.105681
comm_time       0.445106
compute_time   -0.550787
total_time      1.000000
==================================


App: Nek5000-v19.0-rc1-eddy_uv_POSIX
I/O Intensity: 
     io_time  comm_time  compute_time  total_time
0   0.084518   0.270707      0.644775         1.0
1   0.000370   0.811117      0.188513         1.0
2   0.000833   0.810913      0.188253         1.0
3   0.000409   0.811488      0.188102         1.0
4   0.000823   0.812592      0.186584         1.0
5   0.000396   0.814957      0.184647         1.0
6   0.000825   0.816539      0.182636         1.0
7   0.000392   0.818713      0.180895         1.0
8   0.002183   0.735416      0.262400         1.0
9   0.000883   0.748669      0.250448         1.0
10  0.002005   0.737584      0.260411         1.0
11  0.001073   0.751052      0.247875         1.0
12  0.002097   0.737481      0.260422         1.0
13  0.001422   0.749659      0.248920         1.0
14  0.002260   0.738677      0.259063         1.0
15  0.000654   0.750000      0.249346         1.0
16  0.002146   0.787385      0.210469         1.0
17  0.000843   0.800958      0.198199         1.0
18  0.001950   0.791803      0.206247         1.0
19  0.000996   0.804590      0.194414         1.0
20  0.002144   0.788370      0.209486         1.0
21  0.000540   0.800863      0.198597         1.0
22  0.002004   0.789589      0.208407         1.0
23  0.001231   0.800684      0.198085         1.0
24  0.002418   0.678720      0.318862         1.0
25  0.000965   0.700746      0.298289         1.0
26  0.002273   0.681191      0.316537         1.0
27  0.000788   0.700580      0.298632         1.0
28  0.002531   0.678870      0.318599         1.0
29  0.000644   0.699533      0.299823         1.0
30  0.002281   0.680312      0.317406         1.0
31  0.001378   0.701185      0.297437         1.0
32  0.002540   0.714811      0.282649         1.0
33  0.001329   0.717566      0.281105         1.0
